1647902375969 0.1481906920671463 0
1647902389582 0.177867129445076 1
1647902403213 0.18418534100055695 2
1647902416759 0.17595252394676208 3
1647902430389 0.18303656578063965 4
1647902444000 0.1889718621969223 5
1647902457635 0.18686579167842865 6
1647902471241 0.19375838339328766 7
1647902486355 0.1935669183731079 8
1647902502229 0.18992915749549866 9
1647902517141 0.19414129853248596 10
1647902530662 0.19663028419017792 11
1647902544412 0.20045951008796692 12
1647902557946 0.19931073486804962 13
1647902571507 0.1928010731935501 14
1647902585076 0.19586443901062012 15
1647902598586 0.20026804506778717 16
1647902612390 0.20199118554592133 17
1647902626089 0.19988512992858887 18
1647902639754 0.20639479160308838 19
1647902653315 0.20448018610477448 20
1647902666928 0.19797050952911377 21
1647902680544 0.20084242522716522 22
1647902694558 0.20543748140335083 23
1647902708275 0.20352287590503693 24
1647902721942 0.20543748140335083 25
1647902735568 0.21156422793865204 26
1647902749148 0.20084242522716522 27
1647902762857 0.20486310124397278 28
1647902776492 0.19643883407115936 29
1647902790111 0.20026804506778717 30
1647902803811 0.20964962244033813 31
1647902817404 0.20390580594539642 32
1647902831030 0.20716063678264618 33
1647902844674 0.20065096020698547 34
1647902858225 0.20735210180282593 35
1647902871852 0.20888377726078033 36
1647902885661 0.20237411558628082 37
1647902899736 0.20620332658290863 38
1647902913525 0.2117556929588318 39
1647902927154 0.19950219988822937 40
1647902940842 0.20313996076583862 41
1647902954553 0.21041546761989594 42
1647902968221 0.20984108746051788 43
1647902981973 0.21424469351768494 44
1647902995728 0.214819073677063 45
1647903009383 0.2186482846736908 46
1647903023283 0.21692514419555664 47
1647903037008 0.22305189073085785 48
1647903050699 0.21271300315856934 49
1647903064513 0.20428872108459473 50
1647903078340 0.21462760865688324 51
1647903092141 0.22381773591041565 52
1647903105933 0.21615929901599884 53
1647903119752 0.2213287353515625 54
1647903133642 0.2159678339958191 55
1647903147507 0.22917863726615906 56
1647903161317 0.2293700873851776 57
1647903175456 0.23339077830314636 58
1647903190224 0.2282213270664215 59
1647903205173 0.23530538380146027 60
1647903219107 0.23358222842216492 61
1647903233933 0.22726403176784515 62
1647903249246 0.22381773591041565 63
1647903266395 0.22994448244571686 64
1647903282291 0.2255408763885498 65
1647903296723 0.231667622923851 66
1647903311610 0.23798583447933197 67
1647903325694 0.23779436945915222 68
1647903339666 0.24315527081489563 69
1647903354247 0.23817729949951172 70
1647903368322 0.23683707416057587 71
1647903382558 0.23300784826278687 72
1647903396524 0.24698449671268463 73
1647903410611 0.23032739758491516 74
1647903424962 0.24621865153312683 75
1647903439165 0.25043079257011414 76
1647903452995 0.24028335511684418 77
1647903466994 0.2270725667476654 78
1647903480819 0.22458356618881226 79
1647903494435 0.25540876388549805 80
1647903508175 0.19529005885124207 81
1647903521901 0.23358222842216492 82
1647903535745 0.24028335511684418 83
1647903549618 0.24411258101463318 84
1647903563226 0.2513881027698517 85
1647903576822 0.22688110172748566 86
1647903590478 0.24775034189224243 87
1647903604324 0.24430404603481293 88
1647903617940 0.2529197633266449 89
1647903631638 0.25349417328834534 90
1647903645419 0.24966494739055634 91
1647903659132 0.25119662284851074 92
1647903673461 0.2536856234073639 93
1647903688097 0.26536473631858826 94
1647903702433 0.2690024971961975 95
1647903716898 0.2567490041255951 96
1647903731385 0.2609611451625824 97
1647903746044 0.25694045424461365 98
1647903761226 0.2659391164779663 99
1647903775767 0.26230135560035706 100
1647903789780 0.26459887623786926 101
1647903804371 0.27034270763397217 102
1647903818439 0.2544514536857605 103
1647903832706 0.26421597599983215 104
1647903846621 0.25770628452301025 105
1647903860975 0.27149146795272827 106
1647903875134 0.23626267910003662 107
1647903889483 0.25157955288887024 108
1647903903589 0.24449549615383148 109
1647903917984 0.24258089065551758 110
1647903932195 0.24315527081489563 111
1647903946511 0.24449549615383148 112
1647903960893 0.24219797551631927 113
1647903974803 0.2320505529642105 114
1647903989070 0.24966494739055634 115
1647904003397 0.24966494739055634 116
1647904017878 0.2494734823703766 117
1647904032186 0.24717594683170319 118
1647904046124 0.2521539330482483 119
1647904060488 0.247941792011261 120
1647904074537 0.25617462396621704 121
1647904089923 0.25196248292922974 122
1647904105676 0.25157955288887024 123
1647904122425 0.2621099054813385 124
1647904138516 0.26498180627822876 125
1647904152592 0.26383304595947266 126
1647904167277 0.25311124324798584 127
1647904181298 0.26153552532196045 128
1647904195559 0.26651349663734436 129
1647904211394 0.2578977644443512 130
1647904226118 0.26383304595947266 131
1647904240402 0.2747463285923004 132
1647904255164 0.2663220465183258 133
1647904269224 0.2690024971961975 134
1647904283121 0.2735975384712219 135
1647904296928 0.27264025807380676 136
1647904310828 0.2732146382331848 137
1647904324629 0.2709170877933502 138
1647904338562 0.2772352993488312 139
1647904352921 0.2739804685115814 140
1647904367414 0.2651732861995697 141
1647904381690 0.27225732803344727 142
1647904396602 0.2747463285923004 143
1647904410493 0.2827876806259155 144
1647904424403 0.2772352993488312 145
1647904439069 0.2902546525001526 146
1647904453304 0.28661689162254333 147
1647904467601 0.27493777871131897 148
1647904481752 0.27800115942955017 149
1647904496627 0.287957102060318 150
1647904511767 0.28163889050483704 151
1647904527114 0.26306721568107605 152
1647904541374 0.2667049467563629 153
1647904556538 0.27149146795272827 154
1647904571974 0.2720658481121063 155
1647904586337 0.2693853974342346 156
1647904601401 0.2724487781524658 157
1647904615828 0.28317058086395264 158
1647904631496 0.2799157500267029 159
1647904645850 0.28163889050483704 160
1647904660862 0.2814474403858185 161
1647904675292 0.2728317081928253 162
1647904689571 0.26345011591911316 163
1647904704246 0.27264025807380676 164
1647904718563 0.2745548486709595 165
1647904732404 0.2735975384712219 166
1647904746647 0.2766609191894531 167
1647904761695 0.2724487781524658 168
1647904775764 0.27895843982696533 169
1647904789835 0.2852766513824463 170
1647904803761 0.2743633985519409 171
1647904817576 0.2772352993488312 172
1647904831513 0.26727932691574097 173
1647904845512 0.2799157500267029 174
1647904859169 0.2812559902667999 175
1647904872920 0.28699982166290283 176
1647904886222 0.2791499197483063 177
1647904899883 0.27895843982696533 178
1647904913851 0.28508520126342773 179
1647904927291 0.2852766513824463 180
1647904940850 0.28585103154182434 181
1647904954552 0.2724487781524658 182
1647904967897 0.2766609191894531 183
1647904981279 0.2806816101074219 184
1647904994843 0.28738272190093994 185
1647905008520 0.28508520126342773 186
1647905022216 0.2772352993488312 187
1647905035843 0.2864254117012024 188
1647905049954 0.2875742018222809 189
1647905063610 0.2852766513824463 190
1647905077416 0.29159486293792725 191
1647905090839 0.281064510345459 192
1647905104469 0.27340608835220337 193
1647905118193 0.2701512575149536 194
1647905131814 0.2801072299480438 195
1647905145082 0.2801072299480438 196
1647905158581 0.27034270763397217 197
1647905172592 0.27646946907043457 198
1647905186202 0.27646946907043457 199
1647905199838 0.28240475058555603 200
1647905213374 0.2856595814228058 201
1647905227265 0.2833620607852936 202
1647905240929 0.2785755395889282 203
1647905254268 0.2891058921813965 204
1647905267617 0.28776565194129944 205
1647905281006 0.29389241337776184 206
1647905294302 0.287957102060318 207
1647905307965 0.2845108211040497 208
1647905321809 0.2802986800670624 209
1647905335764 0.2952326238155365 210
1647905349542 0.29159486293792725 211
1647905363490 0.2829791307449341 212
1647905377175 0.2802986800670624 213
1647905390697 0.2902546525001526 214
1647905404117 0.28202182054519653 215
1647905417615 0.2827876806259155 216
1647905431703 0.28470227122306824 217
1647905445357 0.2933180034160614 218
1647905459005 0.2848937511444092 219
1647905473129 0.29580700397491455 220
1647905487953 0.29465824365615845 221
1647905503295 0.2883400321006775 222
1647905519176 0.28738272190093994 223
1647905533801 0.2952326238155365 224
1647905547893 0.28814858198165894 225
1647905561523 0.2833620607852936 226
1647905575315 0.2799157500267029 227
1647905589250 0.28163889050483704 228
1647905603203 0.28929734230041504 229
1647905616954 0.28087306022644043 230
1647905630854 0.2701512575149536 231
1647905644502 0.27187439799308777 232
1647905658384 0.29006317257881165 233
1647905672523 0.29006317257881165 234
1647905686574 0.28049013018608093 235
1647905701154 0.28585103154182434 236
1647905716112 0.29427531361579895 237
1647905731135 0.2906375527381897 238
1647905745357 0.2891058921813965 239
1647905759015 0.2827876806259155 240
1647905772556 0.29657286405563354 241
1647905786239 0.29580700397491455 242
1647905800045 0.29274362325668335 243
1647905813778 0.28891441226005554 244
1647905827470 0.2906375527381897 245
1647905841264 0.2864254117012024 246
1647905855218 0.2799157500267029 247
1647905870292 0.2848937511444092 248
1647905884166 0.2848937511444092 249
1647905898085 0.28853148221969604 250
1647905912180 0.28776565194129944 251
1647905925793 0.29465824365615845 252
1647905939212 0.29695576429367065 253
1647905952630 0.28929734230041504 254
1647905966003 0.28929734230041504 255
1647905979384 0.2925521731376648 256
