1647902375969 2.1574645042419434 0
1647902389582 2.1001431941986084 1
1647902403213 2.0955944061279297 2
1647902416759 2.1117491722106934 3
1647902430389 2.0925159454345703 4
1647902444000 2.0837414264678955 5
1647902457635 2.074599504470825 6
1647902471241 2.067412853240967 7
1647902486355 2.0627009868621826 8
1647902502229 2.0675127506256104 9
1647902517141 2.0605199337005615 10
1647902530662 2.0682437419891357 11
1647902544412 2.0690715312957764 12
1647902557946 2.0657668113708496 13
1647902571507 2.0668325424194336 14
1647902585076 2.06148624420166 15
1647902598586 2.0535173416137695 16
1647902612390 2.053151845932007 17
1647902626089 2.045139789581299 18
1647902639754 2.0456576347351074 19
1647902653315 2.0517444610595703 20
1647902666928 2.0585639476776123 21
1647902680544 2.054396867752075 22
1647902694558 2.05421781539917 23
1647902708275 2.0456795692443848 24
1647902721942 2.048882246017456 25
1647902735568 2.0425972938537598 26
1647902749148 2.0410008430480957 27
1647902762857 2.0400195121765137 28
1647902776492 2.0412631034851074 29
1647902790111 2.0456831455230713 30
1647902803811 2.032597303390503 31
1647902817404 2.0351130962371826 32
1647902831030 2.0337798595428467 33
1647902844674 2.034860372543335 34
1647902858225 2.0268328189849854 35
1647902871852 2.025006055831909 36
1647902885661 2.0308997631073 37
1647902899736 2.030503273010254 38
1647902913525 2.0340423583984375 39
1647902927154 2.0423166751861572 40
1647902940842 2.028184652328491 41
1647902954553 2.0165181159973145 42
1647902968221 2.007706642150879 43
1647902981973 1.9953793287277222 44
1647902995728 1.9894248247146606 45
1647903009383 1.9880950450897217 46
1647903023283 1.9972739219665527 47
1647903037008 1.9981251955032349 48
1647903050699 2.0145046710968018 49
1647903064513 2.0252573490142822 50
1647903078340 2.0006320476531982 51
1647903092141 1.9929003715515137 52
1647903105933 1.9868168830871582 53
1647903119752 1.9855999946594238 54
1647903133642 1.986184000968933 55
1647903147507 1.9784718751907349 56
1647903161317 1.9703590869903564 57
1647903175456 1.965975284576416 58
1647903190224 1.9662048816680908 59
1647903205173 1.955504059791565 60
1647903219107 1.9652122259140015 61
1647903233933 1.9629231691360474 62
1647903249246 1.9660528898239136 63
1647903266395 1.9673556089401245 64
1647903282291 1.963060975074768 65
1647903296723 1.9637629985809326 66
1647903311610 1.9602376222610474 67
1647903325694 1.9534950256347656 68
1647903339666 1.9544693231582642 69
1647903354247 1.9517230987548828 70
1647903368322 1.9558348655700684 71
1647903382558 1.961172103881836 72
1647903396524 1.9499624967575073 73
1647903410611 1.968003273010254 74
1647903424962 1.9429633617401123 75
1647903439165 1.9349851608276367 76
1647903452995 1.941094160079956 77
1647903466994 1.9964861869812012 78
1647903480819 1.9747806787490845 79
1647903494435 1.9395179748535156 80
1647903508175 2.0268540382385254 81
1647903521901 1.9884066581726074 82
1647903535745 1.9730232954025269 83
1647903549618 1.9547094106674194 84
1647903563226 1.948667049407959 85
1647903576822 1.9846893548965454 86
1647903590478 1.9366415739059448 87
1647903604324 1.9332289695739746 88
1647903617940 1.9274030923843384 89
1647903631638 1.925303339958191 90
1647903645419 1.920880913734436 91
1647903659132 1.9259740114212036 92
1647903673461 1.923304557800293 93
1647903688097 1.9114011526107788 94
1647903702433 1.9057433605194092 95
1647903716898 1.9247797727584839 96
1647903731385 1.9162380695343018 97
1647903746044 1.9113048315048218 98
1647903761226 1.9054737091064453 99
1647903775767 1.9155327081680298 100
1647903789780 1.910140872001648 101
1647903804371 1.9080883264541626 102
1647903818439 1.9144638776779175 103
1647903832706 1.9085452556610107 104
1647903846621 1.9036626815795898 105
1647903860975 1.901432991027832 106
1647903875134 1.9715286493301392 107
1647903889483 1.9455931186676025 108
1647903903589 1.9554100036621094 109
1647903917984 1.9507192373275757 110
1647903932195 1.9448273181915283 111
1647903946511 1.9456294775009155 112
1647903960893 1.9381167888641357 113
1647903974803 1.959958553314209 114
1647903989070 1.9436432123184204 115
1647904003397 1.9348373413085938 116
1647904017878 1.9315686225891113 117
1647904032186 1.9314485788345337 118
1647904046124 1.9237606525421143 119
1647904060488 1.9243965148925781 120
1647904074537 1.9227344989776611 121
1647904089923 1.9318991899490356 122
1647904105676 1.9198024272918701 123
1647904122425 1.9045429229736328 124
1647904138516 1.8964143991470337 125
1647904152592 1.8997772932052612 126
1647904167277 1.9194281101226807 127
1647904181298 1.914121150970459 128
1647904195559 1.9046614170074463 129
1647904211394 1.907651424407959 130
1647904226118 1.8975006341934204 131
1647904240402 1.8889998197555542 132
1647904255164 1.8965868949890137 133
1647904269224 1.8902682065963745 134
1647904283121 1.8910688161849976 135
1647904296928 1.8844413757324219 136
1647904310828 1.8803328275680542 137
1647904324629 1.8974727392196655 138
1647904338562 1.8748524188995361 139
1647904352921 1.8847153186798096 140
1647904367414 1.8884321451187134 141
1647904381690 1.8735926151275635 142
1647904396602 1.8745474815368652 143
1647904410493 1.8743973970413208 144
1647904424403 1.8708759546279907 145
1647904439069 1.8601821660995483 146
1647904453304 1.868474006652832 147
1647904467601 1.873088002204895 148
1647904481752 1.859334945678711 149
1647904496627 1.8604252338409424 150
1647904511767 1.8608317375183105 151
1647904527114 1.9099012613296509 152
1647904541374 1.8925830125808716 153
1647904556538 1.8787314891815186 154
1647904571974 1.8922209739685059 155
1647904586337 1.8961349725723267 156
1647904601401 1.8878173828125 157
1647904615828 1.8674970865249634 158
1647904631496 1.8886258602142334 159
1647904645850 1.876806378364563 160
1647904660862 1.8847682476043701 161
1647904675292 1.882840871810913 162
1647904689571 1.8974612951278687 163
1647904704246 1.8855911493301392 164
1647904718563 1.8815367221832275 165
1647904732404 1.8783965110778809 166
1647904746647 1.8792381286621094 167
1647904761695 1.8759019374847412 168
1647904775764 1.8646107912063599 169
1647904789835 1.8629553318023682 170
1647904803761 1.8715112209320068 171
1647904817576 1.8648415803909302 172
1647904831513 1.882328748703003 173
1647904845512 1.8629415035247803 174
1647904859169 1.8511687517166138 175
1647904872920 1.851822018623352 176
1647904886222 1.8604071140289307 177
1647904899883 1.8710888624191284 178
1647904913851 1.8550957441329956 179
1647904927291 1.8527663946151733 180
1647904940850 1.857537031173706 181
1647904954552 1.8843802213668823 182
1647904967897 1.8758068084716797 183
1647904981279 1.8601806163787842 184
1647904994843 1.8603429794311523 185
1647905008520 1.8477407693862915 186
1647905022216 1.8702760934829712 187
1647905035843 1.848279595375061 188
1647905049954 1.855295181274414 189
1647905063610 1.8582628965377808 190
1647905077416 1.8480019569396973 191
1647905090839 1.8727915287017822 192
1647905104469 1.8812456130981445 193
1647905118193 1.8895257711410522 194
1647905131814 1.8571653366088867 195
1647905145082 1.8736549615859985 196
1647905158581 1.8858941793441772 197
1647905172592 1.8688371181488037 198
1647905186202 1.861100435256958 199
1647905199838 1.862804889678955 200
1647905213374 1.8618063926696777 201
1647905227265 1.8706923723220825 202
1647905240929 1.8703105449676514 203
1647905254268 1.858218789100647 204
1647905267617 1.8588618040084839 205
1647905281006 1.8455116748809814 206
1647905294302 1.8429303169250488 207
1647905307965 1.849357008934021 208
1647905321809 1.847495436668396 209
1647905335764 1.8309369087219238 210
1647905349542 1.8510019779205322 211
1647905363490 1.8589762449264526 212
1647905377175 1.8452575206756592 213
1647905390697 1.842051386833191 214
1647905404117 1.8448946475982666 215
1647905417615 1.8519207239151 216
1647905431703 1.83511221408844 217
1647905445357 1.835157036781311 218
1647905459005 1.834261417388916 219
1647905473129 1.8309961557388306 220
1647905487953 1.838689923286438 221
1647905503295 1.8262406587600708 222
1647905519176 1.8387269973754883 223
1647905533801 1.837701439857483 224
1647905547893 1.8343929052352905 225
1647905561523 1.8446284532546997 226
1647905575315 1.862233281135559 227
1647905589250 1.8476213216781616 228
1647905603203 1.8442789316177368 229
1647905616954 1.8551228046417236 230
1647905630854 1.8768106698989868 231
1647905644502 1.8713829517364502 232
1647905658384 1.8613399267196655 233
1647905672523 1.8454581499099731 234
1647905686574 1.8455110788345337 235
1647905701154 1.8414978981018066 236
1647905716112 1.8332644701004028 237
1647905731135 1.8554390668869019 238
1647905745357 1.846139669418335 239
1647905759015 1.8463698625564575 240
1647905772556 1.8308179378509521 241
1647905786239 1.8352601528167725 242
1647905800045 1.8516677618026733 243
1647905813778 1.8387494087219238 244
1647905827470 1.8419864177703857 245
1647905841264 1.8419290781021118 246
1647905855218 1.8440357446670532 247
1647905870292 1.8486075401306152 248
1647905884166 1.8423876762390137 249
1647905898085 1.8530422449111938 250
1647905912180 1.8476693630218506 251
1647905925793 1.8400630950927734 252
1647905939212 1.8350484371185303 253
1647905952630 1.8374497890472412 254
1647905966003 1.8496965169906616 255
1647905979384 1.83921217918396 256
