1647902375969 0.01 0
1647902389582 0.01 1
1647902403213 0.01 2
1647902416759 0.01 3
1647902430389 0.01 4
1647902444000 0.01 5
1647902457635 0.01 6
1647902471241 0.01 7
1647902486355 0.01 8
1647902502229 0.01 9
1647902517141 0.01 10
1647902530662 0.01 11
1647902544412 0.01 12
1647902557946 0.01 13
1647902571507 0.01 14
1647902585076 0.01 15
1647902598586 0.01 16
1647902612390 0.01 17
1647902626089 0.01 18
1647902639754 0.01 19
1647902653315 0.01 20
1647902666928 0.01 21
1647902680544 0.01 22
1647902694558 0.01 23
1647902708275 0.01 24
1647902721942 0.01 25
1647902735568 0.01 26
1647902749148 0.01 27
1647902762857 0.01 28
1647902776492 0.01 29
1647902790111 0.01 30
1647902803811 0.01 31
1647902817404 0.01 32
1647902831030 0.01 33
1647902844674 0.01 34
1647902858225 0.01 35
1647902871852 0.01 36
1647902885661 0.01 37
1647902899736 0.01 38
1647902913525 0.01 39
1647902927154 0.01 40
1647902940842 0.01 41
1647902954553 0.01 42
1647902968221 0.01 43
1647902981973 0.01 44
1647902995728 0.01 45
1647903009383 0.01 46
1647903023283 0.01 47
1647903037008 0.01 48
1647903050699 0.01 49
1647903064513 0.01 50
1647903078340 0.01 51
1647903092141 0.01 52
1647903105933 0.01 53
1647903119752 0.01 54
1647903133642 0.01 55
1647903147507 0.01 56
1647903161317 0.01 57
1647903175456 0.01 58
1647903190224 0.01 59
1647903205173 0.01 60
1647903219107 0.01 61
1647903233933 0.01 62
1647903249246 0.01 63
1647903266395 0.01 64
1647903282291 0.01 65
1647903296723 0.01 66
1647903311610 0.01 67
1647903325694 0.01 68
1647903339666 0.01 69
1647903354247 0.01 70
1647903368322 0.01 71
1647903382558 0.01 72
1647903396524 0.01 73
1647903410611 0.01 74
1647903424962 0.01 75
1647903439165 0.01 76
1647903452995 0.01 77
1647903466994 0.01 78
1647903480819 0.01 79
1647903494435 0.01 80
1647903508175 0.01 81
1647903521901 0.01 82
1647903535745 0.01 83
1647903549618 0.01 84
1647903563226 0.01 85
1647903576822 0.01 86
1647903590478 0.01 87
1647903604324 0.01 88
1647903617940 0.01 89
1647903631638 0.01 90
1647903645419 0.01 91
1647903659132 0.01 92
1647903673461 0.01 93
1647903688097 0.01 94
1647903702433 0.01 95
1647903716898 0.01 96
1647903731385 0.01 97
1647903746044 0.01 98
1647903761226 0.01 99
1647903775767 0.01 100
1647903789780 0.01 101
1647903804371 0.01 102
1647903818439 0.01 103
1647903832706 0.01 104
1647903846621 0.01 105
1647903860975 0.01 106
1647903875134 0.01 107
1647903889483 0.01 108
1647903903589 0.01 109
1647903917984 0.01 110
1647903932195 0.01 111
1647903946511 0.01 112
1647903960893 0.01 113
1647903974803 0.01 114
1647903989070 0.01 115
1647904003397 0.01 116
1647904017878 0.01 117
1647904032186 0.01 118
1647904046124 0.01 119
1647904060488 0.01 120
1647904074537 0.01 121
1647904089923 0.01 122
1647904105676 0.01 123
1647904122425 0.01 124
1647904138516 0.01 125
1647904152592 0.01 126
1647904167277 0.01 127
1647904181298 0.01 128
1647904195559 0.01 129
1647904211394 0.01 130
1647904226118 0.01 131
1647904240402 0.01 132
1647904255164 0.01 133
1647904269224 0.01 134
1647904283121 0.01 135
1647904296928 0.01 136
1647904310828 0.01 137
1647904324629 0.01 138
1647904338562 0.01 139
1647904352921 0.01 140
1647904367414 0.01 141
1647904381690 0.01 142
1647904396602 0.01 143
1647904410493 0.01 144
1647904424403 0.01 145
1647904439069 0.01 146
1647904453304 0.01 147
1647904467601 0.01 148
1647904481752 0.01 149
1647904496627 0.01 150
1647904511767 0.01 151
1647904527114 0.01 152
1647904541374 0.01 153
1647904556538 0.01 154
1647904571974 0.01 155
1647904586337 0.01 156
1647904601401 0.01 157
1647904615828 0.01 158
1647904631496 0.01 159
1647904645850 0.01 160
1647904660862 0.01 161
1647904675292 0.01 162
1647904689571 0.01 163
1647904704246 0.01 164
1647904718563 0.01 165
1647904732404 0.01 166
1647904746647 0.01 167
1647904761695 0.01 168
1647904775764 0.01 169
1647904789835 0.01 170
1647904803761 0.01 171
1647904817576 0.01 172
1647904831513 0.01 173
1647904845512 0.01 174
1647904859169 0.01 175
1647904872920 0.01 176
1647904886222 0.01 177
1647904899883 0.01 178
1647904913851 0.01 179
1647904927291 0.01 180
1647904940850 0.01 181
1647904954552 0.01 182
1647904967897 0.01 183
1647904981279 0.01 184
1647904994843 0.01 185
1647905008520 0.01 186
1647905022216 0.01 187
1647905035843 0.01 188
1647905049954 0.01 189
1647905063610 0.01 190
1647905077416 0.01 191
1647905090839 0.01 192
1647905104469 0.01 193
1647905118193 0.01 194
1647905131814 0.01 195
1647905145082 0.01 196
1647905158581 0.01 197
1647905172592 0.01 198
1647905186202 0.01 199
1647905199838 0.01 200
1647905213374 0.01 201
1647905227265 0.01 202
1647905240929 0.01 203
1647905254268 0.01 204
1647905267617 0.01 205
1647905281006 0.01 206
1647905294302 0.01 207
1647905307965 0.01 208
1647905321809 0.01 209
1647905335764 0.01 210
1647905349542 0.01 211
1647905363490 0.01 212
1647905377175 0.01 213
1647905390697 0.01 214
1647905404117 0.01 215
1647905417615 0.01 216
1647905431703 0.01 217
1647905445357 0.01 218
1647905459005 0.01 219
1647905473129 0.01 220
1647905487953 0.01 221
1647905503295 0.01 222
1647905519176 0.01 223
1647905533801 0.01 224
1647905547893 0.01 225
1647905561523 0.01 226
1647905575315 0.01 227
1647905589250 0.01 228
1647905603203 0.01 229
1647905616954 0.01 230
1647905630854 0.01 231
1647905644502 0.01 232
1647905658384 0.01 233
1647905672523 0.01 234
1647905686574 0.01 235
1647905701154 0.01 236
1647905716112 0.01 237
1647905731135 0.01 238
1647905745357 0.01 239
1647905759015 0.01 240
1647905772556 0.01 241
1647905786239 0.01 242
1647905800045 0.01 243
1647905813778 0.01 244
1647905827470 0.01 245
1647905841264 0.01 246
1647905855218 0.01 247
1647905870292 0.01 248
1647905884166 0.01 249
1647905898085 0.01 250
1647905912180 0.01 251
1647905925793 0.01 252
1647905939212 0.01 253
1647905952630 0.01 254
1647905966003 0.01 255
1647905979384 0.01 256
