1647906670857 0.17231476306915283 0
1647906684798 0.1816963404417038 1
1647906698824 0.19146084785461426 2
1647906712906 0.20065096020698547 3
1647906727092 0.21137277781963348 4
1647906741130 0.2132873833179474 5
1647906755244 0.20850086212158203 6
1647906769302 0.21539345383644104 7
1647906783315 0.21386176347732544 8
1647906797353 0.19031208753585815 9
1647906811452 0.19873635470867157 10
1647906825624 0.20103389024734497 11
1647906839897 0.19682174921035767 12
1647906854204 0.20543748140335083 13
1647906868110 0.20218265056610107 14
1647906882097 0.20907524228096008 15
1647906896044 0.19835343956947327 16
1647906909933 0.19299253821372986 17
1647906924200 0.19816197454929352 18
1647906938205 0.184759721159935 19
1647906952319 0.20735210180282593 20
1647906966480 0.2140532284975052 21
1647906980535 0.21060693264007568 22
1647906994686 0.21118131279945374 23
1647907008837 0.21347884833812714 24
1647907023033 0.2171165943145752 25
1647907037160 0.21290446817874908 26
1647907051221 0.2171165943145752 27
1647907065310 0.21807390451431274 28
1647907079426 0.2117556929588318 29
1647907094988 0.2201799750328064 30
1647907109812 0.20907524228096008 31
1647907124777 0.2197970449924469 32
1647907139457 0.21079839766025543 33
1647907154203 0.2136702984571457 34
1647907168850 0.21769098937511444 35
1647907183674 0.217882439494133 36
1647907198556 0.22152020037174225 37
1647907214306 0.22994448244571686 38
1647907229036 0.22917863726615906 39
1647907244531 0.22037144005298615 40
1647907259162 0.2289871722459793 41
1647907274266 0.2293700873851776 42
1647907289094 0.2205628901720047 43
1647907304048 0.2274554818868637 44
1647907318794 0.2293700873851776 45
1647907333633 0.2167336791753769 46
1647907348955 0.2278384119272232 47
1647907364734 0.21539345383644104 48
1647907379375 0.2174995243549347 49
1647907393992 0.22152020037174225 50
1647907417721 0.2309017777442932 51
1647907443071 0.2293700873851776 52
1647907460115 0.22841279208660126 53
1647907480297 0.23530538380146027 54
1647907498841 0.2309017777442932 55
1647907517281 0.23587976396083832 56
1647907536917 0.2293700873851776 57
1647907555120 0.23453953862190247 58
1647907572900 0.24143213033676147 59
1647907591075 0.22611525654792786 60
1647907608658 0.24028335511684418 61
1647907625950 0.24238942563533783 62
1647907643072 0.2213287353515625 63
1647907657290 0.22764694690704346 64
1647907671811 0.23185908794403076 65
1647907686733 0.2278384119272232 66
1647907701587 0.24296382069587708 67
1647907716863 0.23473100364208221 68
1647907732142 0.23741145431995392 69
1647907746966 0.2506222426891327 70
1647907761394 0.25119662284851074 71
1647907776039 0.2594294548034668 72
1647907790228 0.25043079257011414 73
1647907804823 0.25540876388549805 74
1647907819252 0.26000383496284485 75
1647907834070 0.2552173137664795 76
1647907848792 0.2601952850818634 77
1647907863384 0.25847214460372925 78
1647907878103 0.24487842619419098 79
1647907893092 0.23913459479808807 80
1647907907988 0.23836874961853027 81
1647907922695 0.2552173137664795 82
1647907937127 0.2533026933670044 83
1647907951399 0.25847214460372925 84
1647907965920 0.2544514536857605 85
1647907980129 0.24487842619419098 86
1647907994885 0.24143213033676147 87
1647908009100 0.25426000356674194 88
1647908023592 0.24966494739055634 89
1647908037973 0.25464293360710144 90
1647908052416 0.2571319043636322 91
1647908066973 0.2621099054813385 92
1647908082107 0.2682366371154785 93
1647908096745 0.2578977644443512 94
1647908110880 0.26038676500320435 95
1647908125322 0.2628757357597351 96
1647908139820 0.2678537368774414 97
1647908154397 0.26613056659698486 98
1647908168628 0.26574766635894775 99
1647908184434 0.25502583384513855 100
1647908199803 0.2567490041255951 101
1647908214428 0.26076966524124146 102
1647908228876 0.2540685534477234 103
1647908243601 0.2563660740852356 104
1647908258364 0.26689642667770386 105
1647908273025 0.2540685534477234 106
1647908287922 0.2590465247631073 107
1647908303414 0.25426000356674194 108
1647908318163 0.26076966524124146 109
1647908333582 0.26766225695610046 110
1647908348109 0.26038676500320435 111
1647908362514 0.26345011591911316 112
1647908377243 0.2709170877933502 113
1647908392222 0.25923797488212585 114
1647908406811 0.27072563767433167 115
1647908421905 0.261726975440979 116
1647908436364 0.26804518699645996 117
1647908450825 0.26919394731521606 118
1647908465615 0.23607122898101807 119
1647908480522 0.2575148344039917 120
1647908495561 0.2644074261188507 121
1647908510112 0.26383304595947266 122
1647908524945 0.2586635947227478 123
1647908539480 0.2552173137664795 124
1647908553924 0.26727932691574097 125
1647908568303 0.2636415958404541 126
1647908583042 0.2563660740852356 127
1647908597517 0.23511391878128052 128
1647908611771 0.2605782151222229 129
1647908626269 0.2613440454006195 130
1647908640825 0.27340608835220337 131
1647908655207 0.2674708068370819 132
1647908669562 0.2701512575149536 133
1647908684273 0.2735975384712219 134
1647908698802 0.26191842555999756 135
1647908713414 0.26881101727485657 136
1647908729402 0.2659391164779663 137
1647908743955 0.2544514536857605 138
1647908759882 0.2601952850818634 139
1647908775364 0.2682366371154785 140
1647908789717 0.2674708068370819 141
1647908804011 0.26536473631858826 142
1647908818149 0.26613056659698486 143
1647908832351 0.2659391164779663 144
1647908846940 0.26383304595947266 145
1647908861988 0.26689642667770386 146
1647908878177 0.275512158870697 147
1647908894158 0.25962090492248535 148
1647908909979 0.26191842555999756 149
1647908925468 0.2732146382331848 150
1647908940134 0.2743633985519409 151
1647908955422 0.2728317081928253 152
1647908970356 0.2776182293891907 153
1647908985573 0.26421597599983215 154
1647909000181 0.2791499197483063 155
1647909014958 0.2735975384712219 156
1647909029641 0.27034270763397217 157
1647909044162 0.27302315831184387 158
1647909058808 0.2757036089897156 159
1647909073430 0.2709170877933502 160
1647909088183 0.275512158870697 161
1647909103134 0.2690024971961975 162
1647909120127 0.2768523693084717 163
1647909135670 0.2856595814228058 164
1647909150727 0.27378901839256287 165
1647909165897 0.2741719186306 166
1647909180595 0.29274362325668335 167
1647909195343 0.2747463285923004 168
1647909210226 0.2860425114631653 169
1647909225087 0.28546813130378723 170
1647909240517 0.27934136986732483 171
1647909255530 0.2825962007045746 172
1647909270712 0.2791499197483063 173
1647909285446 0.281830370426178 174
1647909300000 0.2783840596675873 175
1647909314866 0.2814474403858185 176
1647909330702 0.2833620607852936 177
1647909345295 0.2760865390300751 178
1647909360079 0.2682366371154785 179
1647909374476 0.26000383496284485 180
1647909388905 0.2582806944847107 181
1647909403407 0.26881101727485657 182
1647909418880 0.2510051727294922 183
1647909434882 0.2540685534477234 184
1647909449879 0.2586635947227478 185
1647909464234 0.2716829478740692 186
1647909479519 0.2770438492298126 187
1647909494350 0.2670878767967224 188
1647909509398 0.26191842555999756 189
1647909525210 0.27110856771469116 190
1647909540202 0.2190312147140503 191
1647909555150 0.25081372261047363 192
1647909570069 0.2605782151222229 193
1647909587510 0.2632586658000946 194
1647909602271 0.26574766635894775 195
1647909617057 0.26804518699645996 196
1647909632115 0.2644074261188507 197
1647909646695 0.24889910221099854 198
1647909661894 0.24660156667232513 199
1647909677394 0.25885507464408875 200
1647909693183 0.2647903561592102 201
1647909710138 0.27110856771469116 202
1647909726544 0.2647903561592102 203
1647909741168 0.2705341875553131 204
1647909755782 0.27034270763397217 205
1647909770363 0.27780967950820923 206
1647909784965 0.2716829478740692 207
1647909799570 0.2806816101074219 208
1647909814068 0.2586635947227478 209
1647909828589 0.2739804685115814 210
1647909843113 0.2747463285923004 211
1647909857775 0.27302315831184387 212
1647909872430 0.27953284978866577 213
1647909887014 0.27493777871131897 214
1647909901826 0.27646946907043457 215
1647909916122 0.27149146795272827 216
1647909930460 0.25923797488212585 217
1647909944783 0.2640244960784912 218
1647909959316 0.2621099054813385 219
1647909974368 0.26881101727485657 220
1647909989124 0.26804518699645996 221
1647910003854 0.2632586658000946 222
1647910018462 0.2728317081928253 223
1647910033069 0.26881101727485657 224
1647910047924 0.2670878767967224 225
1647910063540 0.2772352993488312 226
1647910079729 0.2848937511444092 227
1647910094827 0.2770438492298126 228
1647910109952 0.2837449610233307 229
1647910125107 0.28968027234077454 230
1647910139843 0.2776182293891907 231
1647910154607 0.2776182293891907 232
1647910169595 0.288722962141037 233
1647910184664 0.275512158870697 234
1647910199395 0.2802986800670624 235
1647910214204 0.28240475058555603 236
1647910230193 0.281830370426178 237
1647910245210 0.2720658481121063 238
1647910260345 0.2801072299480438 239
1647910274979 0.2697683274745941 240
1647910290124 0.26881101727485657 241
1647910305237 0.26421597599983215 242
1647910320202 0.26459887623786926 243
1647910334835 0.2647903561592102 244
1647910349778 0.2632586658000946 245
1647910364909 0.26957687735557556 246
1647910379414 0.2640244960784912 247
1647910394077 0.2590465247631073 248
1647910408718 0.26038676500320435 249
1647910423172 0.25962090492248535 250
1647910437899 0.2632586658000946 251
1647910452971 0.2670878767967224 252
1647910468008 0.26421597599983215 253
1647910482739 0.2644074261188507 254
1647910497189 0.2613440454006195 255
1647910511949 0.26574766635894775 256
1647910526524 0.2663220465183258 257
1647910541456 0.26038676500320435 258
1647910556831 0.25923797488212585 259
1647910571892 0.26651349663734436 260
1647910588616 0.2682366371154785 261
1647910605804 0.27302315831184387 262
1647910623716 0.2741719186306 263
1647910641671 0.2783840596675873 264
1647910658645 0.2745548486709595 265
1647910675376 0.2783840596675873 266
1647910692045 0.2757036089897156 267
1647910708780 0.27264025807380676 268
1647910725421 0.2741719186306 269
1647910741956 0.2667049467563629 270
1647910758371 0.2806816101074219 271
1647910774664 0.2829791307449341 272
1647910791265 0.28929734230041504 273
1647910808047 0.2741719186306 274
1647910824430 0.27627798914909363 275
1647910839719 0.27934136986732483 276
1647910855013 0.2751292288303375 277
1647910869591 0.28163889050483704 278
1647910884576 0.2829791307449341 279
