1647906670857 2.1307382583618164 0
1647906684798 2.085230827331543 1
1647906698824 2.0715112686157227 2
1647906712906 2.0558135509490967 3
1647906727092 2.038243532180786 4
1647906741130 2.030125617980957 5
1647906755244 2.0306103229522705 6
1647906769302 2.0173065662384033 7
1647906783315 2.038640260696411 8
1647906797353 2.078996181488037 9
1647906811452 2.066770553588867 10
1647906825624 2.052129030227661 11
1647906839897 2.0475308895111084 12
1647906854204 2.0444042682647705 13
1647906868110 2.0400524139404297 14
1647906882097 2.0384418964385986 15
1647906896044 2.042234420776367 16
1647906909933 2.061375141143799 17
1647906924200 2.060447931289673 18
1647906938205 2.097980499267578 19
1647906952319 2.062542200088501 20
1647906966480 2.036191701889038 21
1647906980535 2.0279767513275146 22
1647906994686 2.0271122455596924 23
1647907008837 2.0283305644989014 24
1647907023033 2.031808376312256 25
1647907037160 2.0219972133636475 26
1647907051221 2.0134522914886475 27
1647907065310 2.023839235305786 28
1647907079426 2.0262484550476074 29
1647907094988 2.0108931064605713 30
1647907109812 2.0336575508117676 31
1647907124777 2.020345449447632 32
1647907139457 2.027090311050415 33
1647907154203 2.022099018096924 34
1647907168850 2.011720657348633 35
1647907183674 2.0063650608062744 36
1647907198556 2.005567789077759 37
1647907214306 1.9976272583007812 38
1647907229036 1.994338035583496 39
1647907244531 2.001084327697754 40
1647907259162 1.991148829460144 41
1647907274266 1.9767591953277588 42
1647907289094 1.9893805980682373 43
1647907304048 1.978502869606018 44
1647907318794 1.9681086540222168 45
1647907333633 1.9728305339813232 46
1647907348955 1.9665614366531372 47
1647907364734 1.9996293783187866 48
1647907379375 2.0079023838043213 49
1647907393992 1.9827077388763428 50
1647907417721 1.9724431037902832 51
1647907443071 1.9693524837493896 52
1647907460115 1.9692111015319824 53
1647907480297 1.968634843826294 54
1647907498841 1.966915249824524 55
1647907517281 1.9654561281204224 56
1647907536917 1.967581033706665 57
1647907555120 1.9538686275482178 58
1647907572900 1.9483751058578491 59
1647907591075 1.9677046537399292 60
1647907608658 1.951697587966919 61
1647907625950 1.947266936302185 62
1647907643072 1.9916000366210938 63
1647907657290 1.9878783226013184 64
1647907671811 1.9603139162063599 65
1647907686733 1.9651200771331787 66
1647907701587 1.9462991952896118 67
1647907716863 1.9510135650634766 68
1647907732142 1.9374279975891113 69
1647907746966 1.9251645803451538 70
1647907761394 1.9248296022415161 71
1647907776039 1.9194239377975464 72
1647907790228 1.9232195615768433 73
1647907804823 1.924621820449829 74
1647907819252 1.9115338325500488 75
1647907834070 1.9209376573562622 76
1647907848792 1.9167386293411255 77
1647907863384 1.9159070253372192 78
1647907878103 1.9341740608215332 79
1647907893092 1.9337351322174072 80
1647907907988 1.9290412664413452 81
1647907922695 1.9075634479522705 82
1647907937127 1.9119566679000854 83
1647907951399 1.912651538848877 84
1647907965920 1.9135698080062866 85
1647907980129 1.9164471626281738 86
1647907994885 1.9186598062515259 87
1647908009100 1.9155367612838745 88
1647908023592 1.9077074527740479 89
1647908037973 1.914175271987915 90
1647908052416 1.9114410877227783 91
1647908066973 1.9134106636047363 92
1647908082107 1.8944560289382935 93
1647908096745 1.9096091985702515 94
1647908110880 1.9019529819488525 95
1647908125322 1.9232234954833984 96
1647908139820 1.893966555595398 97
1647908154397 1.9008773565292358 98
1647908168628 1.9052790403366089 99
1647908184434 1.9146840572357178 100
1647908199803 1.9102157354354858 101
1647908214428 1.8975458145141602 102
1647908228876 1.9230709075927734 103
1647908243601 1.9110052585601807 104
1647908258364 1.9127832651138306 105
1647908273025 1.9219697713851929 106
1647908287922 1.9076846837997437 107
1647908303414 1.9077439308166504 108
1647908318163 1.9030581712722778 109
1647908333582 1.898625373840332 110
1647908348109 1.914062261581421 111
1647908362514 1.8921321630477905 112
1647908377243 1.8966600894927979 113
1647908392222 1.9015990495681763 114
1647908406811 1.8936169147491455 115
1647908421905 1.8954732418060303 116
1647908436364 1.8814582824707031 117
1647908450825 1.8853086233139038 118
1647908465615 1.9619516134262085 119
1647908480522 1.9210988283157349 120
1647908495561 1.9011204242706299 121
1647908510112 1.896561622619629 122
1647908524945 1.9044251441955566 123
1647908539480 1.8967771530151367 124
1647908553924 1.8879755735397339 125
1647908568303 1.8862714767456055 126
1647908583042 1.9138727188110352 127
1647908597517 1.9426335096359253 128
1647908611771 1.9141342639923096 129
1647908626269 1.9090152978897095 130
1647908640825 1.895984411239624 131
1647908655207 1.902453899383545 132
1647908669562 1.8978813886642456 133
1647908684273 1.9013875722885132 134
1647908698802 1.894279956817627 135
1647908713414 1.89883553981781 136
1647908729402 1.8924106359481812 137
1647908743955 1.915060043334961 138
1647908759882 1.8984299898147583 139
1647908775364 1.8931764364242554 140
1647908789717 1.894076943397522 141
1647908804011 1.8888722658157349 142
1647908818149 1.9023187160491943 143
1647908832351 1.889224886894226 144
1647908846940 1.8978073596954346 145
1647908861988 1.8963971138000488 146
1647908878177 1.8828394412994385 147
1647908894158 1.8831559419631958 148
1647908909979 1.9007017612457275 149
1647908925468 1.8848069906234741 150
1647908940134 1.8728113174438477 151
1647908955422 1.8709924221038818 152
1647908970356 1.867845058441162 153
1647908985573 1.8917137384414673 154
1647909000181 1.8671842813491821 155
1647909014958 1.8871315717697144 156
1647909029641 1.884320855140686 157
1647909044162 1.879528522491455 158
1647909058808 1.8704185485839844 159
1647909073430 1.8729859590530396 160
1647909088183 1.879942774772644 161
1647909103134 1.8775314092636108 162
1647909120127 1.86226487159729 163
1647909135670 1.8776277303695679 164
1647909150727 1.8744490146636963 165
1647909165897 1.8613334894180298 166
1647909180595 1.8496224880218506 167
1647909195343 1.860552191734314 168
1647909210226 1.8492892980575562 169
1647909225087 1.8561196327209473 170
1647909240517 1.8780500888824463 171
1647909255530 1.8618955612182617 172
1647909270712 1.863387107849121 173
1647909285446 1.852964997291565 174
1647909300000 1.855158805847168 175
1647909314866 1.8585665225982666 176
1647909330702 1.8551002740859985 177
1647909345295 1.8617475032806396 178
1647909360079 1.8683617115020752 179
1647909374476 1.9175019264221191 180
1647909388905 1.89985191822052 181
1647909403407 1.8697333335876465 182
1647909418880 1.923182725906372 183
1647909434882 1.9396461248397827 184
1647909449879 1.922173261642456 185
1647909464234 1.9087823629379272 186
1647909479519 1.8891501426696777 187
1647909494350 1.9013944864273071 188
1647909509398 1.8940277099609375 189
1647909525210 1.908844232559204 190
1647909540202 1.992496371269226 191
1647909555150 1.9303098917007446 192
1647909570069 1.904314637184143 193
1647909587510 1.9087586402893066 194
1647909602271 1.898533821105957 195
1647909617057 1.892317295074463 196
1647909632115 1.9096007347106934 197
1647909646695 1.955069899559021 198
1647909661894 1.9444553852081299 199
1647909677394 1.932321548461914 200
1647909693183 1.9006550312042236 201
1647909710138 1.881907343864441 202
1647909726544 1.8826930522918701 203
1647909741168 1.877500057220459 204
1647909755782 1.8810619115829468 205
1647909770363 1.8732097148895264 206
1647909784965 1.8698415756225586 207
1647909799570 1.8672019243240356 208
1647909814068 1.8987059593200684 209
1647909828589 1.8838657140731812 210
1647909843113 1.8745635747909546 211
1647909857775 1.8643404245376587 212
1647909872430 1.8710206747055054 213
1647909887014 1.8635177612304688 214
1647909901826 1.8701460361480713 215
1647909916122 1.8597265481948853 216
1647909930460 1.8987815380096436 217
1647909944783 1.9030617475509644 218
1647909959316 1.8993068933486938 219
1647909974368 1.8878134489059448 220
1647909989124 1.9093120098114014 221
1647910003854 1.9022520780563354 222
1647910018462 1.8880081176757812 223
1647910033069 1.8836220502853394 224
1647910047924 1.884973168373108 225
1647910063540 1.8778315782546997 226
1647910079729 1.8630448579788208 227
1647910094827 1.868252158164978 228
1647910109952 1.8657848834991455 229
1647910125107 1.8501721620559692 230
1647910139843 1.855181336402893 231
1647910154607 1.8501546382904053 232
1647910169595 1.8494293689727783 233
1647910184664 1.8643871545791626 234
1647910199395 1.862012267112732 235
1647910214204 1.856279969215393 236
1647910230193 1.8668237924575806 237
1647910245210 1.8837810754776 238
1647910260345 1.873508334159851 239
1647910274979 1.8685104846954346 240
1647910290124 1.8889485597610474 241
1647910305237 1.8988900184631348 242
1647910320202 1.8962774276733398 243
1647910334835 1.9049478769302368 244
1647910349778 1.9017049074172974 245
1647910364909 1.8880573511123657 246
1647910379414 1.8917975425720215 247
1647910394077 1.9036203622817993 248
1647910408718 1.8938790559768677 249
1647910423172 1.9114679098129272 250
1647910437899 1.896021842956543 251
1647910452971 1.8853501081466675 252
1647910468008 1.8975590467453003 253
1647910482739 1.9023032188415527 254
1647910497189 1.9005306959152222 255
1647910511949 1.9067391157150269 256
1647910526524 1.9063013792037964 257
1647910541456 1.9003748893737793 258
1647910556831 1.9005208015441895 259
1647910571892 1.894073486328125 260
1647910588616 1.8870670795440674 261
1647910605804 1.8784688711166382 262
1647910623716 1.8703678846359253 263
1647910641671 1.8686165809631348 264
1647910658645 1.8717881441116333 265
1647910675376 1.868529200553894 266
1647910692045 1.8595696687698364 267
1647910708780 1.8722176551818848 268
1647910725421 1.8688691854476929 269
1647910741956 1.8867671489715576 270
1647910758371 1.8716219663619995 271
1647910774664 1.8575708866119385 272
1647910791265 1.8693938255310059 273
1647910808047 1.8765307664871216 274
1647910824430 1.8678396940231323 275
1647910839719 1.8606524467468262 276
1647910855013 1.8667371273040771 277
1647910869591 1.8510372638702393 278
1647910884576 1.8571228981018066 279
