1647906670857 0.01 0
1647906684798 0.01 1
1647906698824 0.01 2
1647906712906 0.01 3
1647906727092 0.01 4
1647906741130 0.01 5
1647906755244 0.01 6
1647906769302 0.01 7
1647906783315 0.01 8
1647906797353 0.01 9
1647906811452 0.01 10
1647906825624 0.01 11
1647906839897 0.01 12
1647906854204 0.01 13
1647906868110 0.01 14
1647906882097 0.01 15
1647906896044 0.01 16
1647906909933 0.01 17
1647906924200 0.01 18
1647906938205 0.01 19
1647906952319 0.01 20
1647906966480 0.01 21
1647906980535 0.01 22
1647906994686 0.01 23
1647907008837 0.01 24
1647907023033 0.01 25
1647907037160 0.01 26
1647907051221 0.01 27
1647907065310 0.01 28
1647907079426 0.01 29
1647907094988 0.01 30
1647907109812 0.01 31
1647907124777 0.01 32
1647907139457 0.01 33
1647907154203 0.01 34
1647907168850 0.01 35
1647907183674 0.01 36
1647907198556 0.01 37
1647907214306 0.01 38
1647907229036 0.01 39
1647907244531 0.01 40
1647907259162 0.01 41
1647907274266 0.01 42
1647907289094 0.01 43
1647907304048 0.01 44
1647907318794 0.01 45
1647907333633 0.01 46
1647907348955 0.01 47
1647907364734 0.01 48
1647907379375 0.01 49
1647907393992 0.01 50
1647907417721 0.01 51
1647907443071 0.01 52
1647907460115 0.01 53
1647907480297 0.01 54
1647907498841 0.01 55
1647907517281 0.01 56
1647907536917 0.01 57
1647907555120 0.01 58
1647907572900 0.01 59
1647907591075 0.01 60
1647907608658 0.01 61
1647907625950 0.01 62
1647907643072 0.01 63
1647907657290 0.01 64
1647907671811 0.01 65
1647907686733 0.01 66
1647907701587 0.01 67
1647907716863 0.01 68
1647907732142 0.01 69
1647907746966 0.01 70
1647907761394 0.01 71
1647907776039 0.01 72
1647907790228 0.01 73
1647907804823 0.01 74
1647907819252 0.01 75
1647907834070 0.01 76
1647907848792 0.01 77
1647907863384 0.01 78
1647907878103 0.01 79
1647907893092 0.01 80
1647907907988 0.01 81
1647907922695 0.01 82
1647907937127 0.01 83
1647907951399 0.01 84
1647907965920 0.01 85
1647907980129 0.01 86
1647907994885 0.01 87
1647908009100 0.01 88
1647908023592 0.01 89
1647908037973 0.01 90
1647908052416 0.01 91
1647908066973 0.01 92
1647908082107 0.01 93
1647908096745 0.01 94
1647908110880 0.01 95
1647908125322 0.01 96
1647908139820 0.01 97
1647908154397 0.01 98
1647908168628 0.01 99
1647908184434 0.01 100
1647908199803 0.01 101
1647908214428 0.01 102
1647908228876 0.01 103
1647908243601 0.01 104
1647908258364 0.01 105
1647908273025 0.01 106
1647908287922 0.01 107
1647908303414 0.01 108
1647908318163 0.01 109
1647908333582 0.01 110
1647908348109 0.01 111
1647908362514 0.01 112
1647908377243 0.01 113
1647908392222 0.01 114
1647908406811 0.01 115
1647908421905 0.01 116
1647908436364 0.01 117
1647908450825 0.01 118
1647908465615 0.01 119
1647908480522 0.01 120
1647908495561 0.01 121
1647908510112 0.01 122
1647908524945 0.01 123
1647908539480 0.01 124
1647908553924 0.01 125
1647908568303 0.01 126
1647908583042 0.01 127
1647908597517 0.01 128
1647908611771 0.01 129
1647908626269 0.01 130
1647908640825 0.01 131
1647908655207 0.01 132
1647908669562 0.01 133
1647908684273 0.01 134
1647908698802 0.01 135
1647908713414 0.01 136
1647908729402 0.01 137
1647908743955 0.01 138
1647908759882 0.01 139
1647908775364 0.01 140
1647908789717 0.01 141
1647908804011 0.01 142
1647908818149 0.01 143
1647908832351 0.01 144
1647908846940 0.01 145
1647908861988 0.01 146
1647908878177 0.01 147
1647908894158 0.01 148
1647908909979 0.01 149
1647908925468 0.01 150
1647908940134 0.01 151
1647908955422 0.01 152
1647908970356 0.01 153
1647908985573 0.01 154
1647909000181 0.01 155
1647909014958 0.01 156
1647909029641 0.01 157
1647909044162 0.01 158
1647909058808 0.01 159
1647909073430 0.01 160
1647909088183 0.01 161
1647909103134 0.01 162
1647909120127 0.01 163
1647909135670 0.01 164
1647909150727 0.01 165
1647909165897 0.01 166
1647909180595 0.01 167
1647909195343 0.01 168
1647909210226 0.01 169
1647909225087 0.01 170
1647909240517 0.01 171
1647909255530 0.01 172
1647909270712 0.01 173
1647909285446 0.01 174
1647909300000 0.01 175
1647909314866 0.01 176
1647909330702 0.01 177
1647909345295 0.01 178
1647909360079 0.01 179
1647909374476 0.01 180
1647909388905 0.01 181
1647909403407 0.01 182
1647909418880 0.01 183
1647909434882 0.01 184
1647909449879 0.01 185
1647909464234 0.01 186
1647909479519 0.01 187
1647909494350 0.01 188
1647909509398 0.01 189
1647909525210 0.01 190
1647909540202 0.01 191
1647909555150 0.01 192
1647909570069 0.01 193
1647909587510 0.01 194
1647909602271 0.01 195
1647909617057 0.01 196
1647909632115 0.01 197
1647909646695 0.01 198
1647909661894 0.01 199
1647909677394 0.01 200
1647909693183 0.01 201
1647909710138 0.01 202
1647909726544 0.01 203
1647909741168 0.01 204
1647909755782 0.01 205
1647909770363 0.01 206
1647909784965 0.01 207
1647909799570 0.01 208
1647909814068 0.01 209
1647909828589 0.01 210
1647909843113 0.01 211
1647909857775 0.01 212
1647909872430 0.01 213
1647909887014 0.01 214
1647909901826 0.01 215
1647909916122 0.01 216
1647909930460 0.01 217
1647909944783 0.01 218
1647909959316 0.01 219
1647909974368 0.01 220
1647909989124 0.01 221
1647910003854 0.01 222
1647910018462 0.01 223
1647910033069 0.01 224
1647910047924 0.01 225
1647910063540 0.01 226
1647910079729 0.01 227
1647910094827 0.01 228
1647910109952 0.01 229
1647910125107 0.01 230
1647910139843 0.01 231
1647910154607 0.01 232
1647910169595 0.01 233
1647910184664 0.01 234
1647910199395 0.01 235
1647910214204 0.01 236
1647910230193 0.01 237
1647910245210 0.01 238
1647910260345 0.01 239
1647910274979 0.01 240
1647910290124 0.01 241
1647910305237 0.01 242
1647910320202 0.01 243
1647910334835 0.01 244
1647910349778 0.01 245
1647910364909 0.01 246
1647910379414 0.01 247
1647910394077 0.01 248
1647910408718 0.01 249
1647910423172 0.01 250
1647910437899 0.01 251
1647910452971 0.01 252
1647910468008 0.01 253
1647910482739 0.01 254
1647910497189 0.01 255
1647910511949 0.01 256
1647910526524 0.01 257
1647910541456 0.01 258
1647910556831 0.01 259
1647910571892 0.01 260
1647910588616 0.01 261
1647910605804 0.01 262
1647910623716 0.01 263
1647910641671 0.01 264
1647910658645 0.01 265
1647910675376 0.01 266
1647910692045 0.01 267
1647910708780 0.01 268
1647910725421 0.01 269
1647910741956 0.01 270
1647910758371 0.01 271
1647910774664 0.01 272
1647910791265 0.01 273
1647910808047 0.01 274
1647910824430 0.01 275
1647910839719 0.01 276
1647910855013 0.01 277
1647910869591 0.01 278
1647910884576 0.01 279
